Metricas.
 SUMATORIA: 400
 PROMEDIO: 242.32
 MEDIANA: 239.5
 MODA: 393.0
 DESVIACIÓN ESTANDAR: 145.25810683056557
 VARIANZA: 21152.79959899749



Tiempo de ejecución: 0.000000 milisegundos
